98235942
99612116
102070972
102442811
102683000
102848415
102920843
103057896
103165284
103203358
103287897
103824150
44253944
44452862
44802704
45173941
45187683
45846706
46018492
46025480
46134644
46162654
46338472
46373226
46595191
46655108
46770632
46802359
46851944
46939050
52793133
47139121
53132186
47324430
47624757
47729000
47781271
47855647
47870437
48001749
48017240
48265726
48312507
48324156
48342441
48463682
48737934
48786452
49136440
49253387
49333095
49416223
49431489
49685598
54516997
49955747
50116769
50118897
50286239
50336371
50358013
50648561
55320818
50728394
50742825
50752571
50767217
51093734
55883742
51963057
52076734
52481490
52519967
52591047
52602346
56661989
52808392
52886289
53012677
53076172
56925055
56998786
53316626
53461873
53508779
53525823
53639751
53833920
53973309
54619775
54725305
55253167
55266598
55494926
55657297
55734580
55849208
55971641
56338767
56608325
56702441
56751660
57346996
57613106
57630648
57814587
57986579
58338390
58459166
58803557
58836479
59132691
59336842
59631716
59897514
62371518
60000585
62533547
60393986
60447732
60606970
60908574
61472483
61499614
61861199
61876557
62459325
62569990
62960639
62972248
61151249
63492770
63499963
63523889
63632151
63634529
63697720
63701899
63825042
63863353
63974401
64460186
64780663
66137861
65235480
65639970
65907011
65919950
63899070
66182707
66309790
66473411
66510729
66583332
66801801
66939439
68191689
67033369
67233149
67254598
67261486
67533288
67807370
86094429
49178873
50001368
50148678
58030550
58096856
61693294
72816883
72941112
65527412
75126837
90534900
44739179
44753145
45043192
53804806
54442833
55691103
61835453
64839113
78783511
78854078
82128223
83302280
89113702
90217465
92831585
86844742
86883687
69131839
87089380
87150155
88432587
90351585
90357765
90738874
90809543
69352386
91207947
91321860
69430531
91466492
91633643
69514854
92420829
92482180
92890136
93086041
93984679
94438319
95124859
96008345
96062880
97420559
99903213
100147697
100254454
100467239
100598962
100658787
101440016
101519828
101794045
101854288
68120773
68572945
68704956
68769876
69006472
69092058
70465641
70503778
70544247
70819840
95857030
71169877
71725419
72225780
72247972
72626111
72735795
72908847
73094844
73299962
73593743
73685532
73854341
73860713
74032658
74085553
70245758
74385559
74448691
74485490
74879102
74988858
75057038
70329632
75435990
75487178
75719444
76018722
76212339
76339730
76348333
76393291
76477597
76527324
76553768
76579632
76882292
76944821
76968979
77082771
77212331
77286443
77348719
77424467
77429321
70910987
77939502
78186621
78627286
80342932
80375517
80603792
80976664
80985718
81003379
81154496
81399334
81409706
81544395
81656300
81654787
81767937
82281724
82700997
82706679
83609547
83644249
83785367
83943007
84030867
62494705
84218341
84628679
84967673
85086560
85188685
85307767
75138227
75172971
85654899
85800114
85908088
85992851
86564101
86680556
86897011
87846536
87876547
88149668
88306448
88461524
88525688
88640390
88851324
88887347
89454628
89554473
89906554
90089990
90171965
90187098
90363708
90438518
90556010
90560785
90633844
90710398
92011197
92075352
92758869
92884939
93188326
93390110
93881891
94243151
94891892
94999711
95298448
95473522
95607234
78700704
95666656
95689932
95788537
95831007
96241160
96452381
96613727
96640514
78871028
96846459
97028177
97168323
97400170
79008798
79022413
79031734
98237597
98242081
98315640
79101385
98646662
98793474
98855192
98891487
98909501
99055448
99210177
99355661
99738647
99821751
100909857
100933156
101203470
101309323
101473508
101721562
79488362
79549594
79576768
80292817
45888087
46191867
102278374
263476
8289378
10388881
18701119
10171270
46118
18616
35442492
39621378
40585020
43737302
2904285
3795477
3872906
3999113
4115308
4183475
6329244
9971855
10525347
10541816
38197458
10623952
10772844
10958568
11149538
11260248
11374494
11491413
11557695
39938465
35780048
37007788
37330036
37361819
38291549
43174003
43714985
43966300
43129985
429105
3052845
4897760
2870356
5752891
6158539
6266388
7277002
7629061
7733474
4478978
38523365
39055388
42030767
5435046
3174813
7331623
7620899
36169555
6496258
36224702
37127054
37264721
37581569
7964660
39582796
40569959
44158214
8398018
135465
2837680
3010771
5769489
6823885
6924132
7197276
1643903
2434977
2546446
9318037
41152576
41201619
41411053
41567393
41577339
41590333
41709539
41820624
41985451
42351978
42391901
42548417
8791731
2265280
10335701
37733014
42541053
2473087
3572340
8858720
9686994
8549459
9063608
9259605
35756891
42664497
17691729
15686379
17825598
19179016
19582729
19621973
19672518
20023803
20629970
21812410
22009862
22084187
22232917
22318086
25052712
27113493
14787061
13750773
15233992
15681950
21595915
19997785
13463984
22877870
23102594
24751264
27093222
27423268
22972135
23537522
23630979
24685781
13644452
16129641
17380979
17658549
18109203
18981073
19717269
27470123
20486481
22695568
25248938
25933742
26241724
12518483
12759201
12776575
12886080
13167822
14222837
14630674
14722900
22797692
23224933
23332273
23627771
24492663
24497135
18445697
14210956
18911999
19045340
19057399
21521789
21864784
27432584
13344173
13949889
14382543
14422521
14467208
17106825
17135620
14702352
25867140
27313944
14921301
11875831
11876862
12151135
15881377
16470459
20553072
21554674
22394024
27839101
28349601
11059867
43482044
