48423057
99024359
99922570
100112251
101785367
102034373
102187235
102216112
102222299
102389109
102487439
102532490
102692316
102957727
103217439
103319625
103331776
103336576
103395732
103419707
49905395
103463014
103469535
103501624
103528568
103537441
103556560
103584294
103648656
103673172
103772630
103823409
103833317
44423718
44431292
44443111
44520131
44556236
44589570
44625142
44764006
44805766
44865063
44924157
45020547
50971206
45235020
45247136
45298255
45322457
45463380
45682561
45718582
45859061
45936078
46034998
45797415
46260700
46301205
46301430
46364302
46593523
52567633
46708083
46770366
46786434
46786434
46852680
47101662
47170658
53001616
47338088
47634260
47662159
47663674
47678346
47730697
47733641
47734301
47783020
47810328
47885332
47921491
48007987
48071080
48095476
48110394
48146317
48182958
48198069
48356348
48400180
48480244
48512572
48608988
48645490
48786483
48913111
49166534
49370135
49386042
49429151
49548873
49550273
49580909
49588910
49755929
49851694
49961642
49984452
50036383
50243089
50285727
55006555
50454815
50501206
50507174
50722481
50767931
50851382
50853495
50911016
50918933
50941738
51012458
51109363
51181448
51602621
51631677
51638239
51651746
51918356
52016122
52129545
52200971
52318760
52363167
52407402
56656511
52570910
52592134
52615298
52675970
56717739
52756031
52763242
52819308
52906889
53071099
53124893
52781175
56992177
53218925
57086488
53278631
53278631
53287278
57190991
53342436
53371665
53389988
53482150
53657848
53769828
53892848
53916428
54171129
54369404
54395722
54408393
54584084
54618617
54725305
55106741
55199678
55249006
59372365
55435461
55531296
55672214
55863932
55920334
56166670
56252979
56373488
56390190
56415993
56585209
56622547
56643127
56670273
56726537
56802733
56907232
56937114
57433615
57523190
57532049
57546285
60686702
57691281
57824307
57901745
60821785
57913577
57932863
58130741
58140796
58145487
58195665
58222916
58258779
58385890
58468089
61228949
58515740
58656136
58667741
58767093
58803795
58859500
58861395
58575278
58577266
58922865
58992057
59119585
59120604
59161509
59165589
59196537
59220490
59516783
59517789
59524467
59604947
59641086
60147770
60376511
60452160
60580165
60652658
60713172
60779004
60788696
60830164
61110417
61191219
61213839
61316453
61330878
61393762
60464025
62139845
62178339
62230406
62247010
62277372
64211377
62300146
62319076
62407608
62624949
62707339
64543534
62746622
62783562
62862887
62904477
62972248
62987766
62995879
63079000
63115380
63127429
63257455
63492218
63573411
63677963
63838824
64156162
64224235
64268962
64299852
64320020
65791009
64435631
64652512
64672305
64711408
64779663
64793154
64852259
64991987
65135278
65215792
65298007
65312829
65423831
65450373
65474606
66529732
65568371
66536958
65838554
65862709
65911462
65919950
65926178
66050867
66075666
66166443
66232731
66256613
66313273
66314836
66374764
66399471
66539375
66576248
66576814
66771395
66889752
66939439
67069527
67146925
67216096
67227230
67341525
67363003
67444347
67526273
67581383
67650567
67921655
67957826
67970059
68021827
56105420
69752281
70106309
53615017
57087468
62741926
89650825
70535088
89729385
90972976
95130659
70811469
44552838
45349383
45819641
47917501
48188448
48189207
48650867
54024604
54877701
54886675
55451425
55747494
55909406
55965416
56263070
57536378
61606081
72749492
61680783
62572347
64171970
65480400
73614532
57188949
58399156
72876483
83124064
83125151
94573274
102107939
45041547
46252523
74660988
46828422
74762555
53806404
53842965
54426394
75221399
58685665
59283818
75598694
62547309
71568335
63371613
63850537
65610598
77341603
81876308
81943970
82634314
83030124
84352063
85159764
86293094
86356265
87141006
87315023
89019737
89498772
89503711
47447599
92440505
95660337
95660968
83426259
68816439
84279835
85400889
86182653
86901119
86958484
87001990
87093813
69157593
87265372
87322368
87355962
87491581
88294867
88300046
88334779
88432587
88536340
89470407
89695655
89717857
89721240
89733796
90357707
90679643
90714928
90812249
90987942
91021179
91021281
91052024
91186682
91230045
91277876
69418002
69418002
91314617
91482384
91534738
91538345
91577505
92046747
92086590
92548252
92566027
92644111
92908246
92909770
92919566
92931952
92950503
69579745
93133653
93264450
93366010
93366010
93477261
93542103
93543168
93560876
69624765
93758986
94186742
94261260
94326402
94342041
94566066
94599199
94599199
94780330
94784364
95085595
95243279
95272833
95802174
96011719
96062880
69724114
96227586
96238212
96267481
69732127
96374432
100002416
100002699
100015425
100207947
69803812
100310608
100314510
100326536
95257162
100484064
100485019
100575773
101168806
101440016
101531503
69881242
101768534
101819910
101855992
50292244
68153079
69908679
68233348
68621958
68740767
68790098
68927446
69007026
69937562
69092058
69097506
69116123
69229804
69312344
69476796
70393364
70403136
70429945
70569386
70622528
70708121
70719899
70743474
70837332
70838848
70872919
70895642
71163024
71495453
71599297
71601481
71663326
71685432
71739433
71779446
71817521
71830973
70087279
71995512
72176474
72477553
72634247
72669198
72852148
72968164
73050770
73112436
73112436
73438146
73535161
45962549
73637837
73672980
73743327
73854224
74018176
74179113
74221506
74343226
74523142
74594627
70285263
74779355
74909933
74922712
75044725
75407194
75426355
75451317
75543840
75551602
75641368
75710066
75713515
70413955
75840029
75943951
76010285
76137330
76142068
76156298
76240299
76469947
76561821
76578833
70738580
76885513
76940320
77025218
77036792
77041104
77125035
77153459
77211023
77212331
77240907
77247559
77288275
77452479
77477617
77514528
77551772
77574930
77634719
77751133
70934765
77801468
70949579
77996492
78022525
78032928
78062974
78138044
78293661
78386986
78446385
78488702
78693648
78905561
79201306
79864384
79984745
79984745
80136973
80304607
80388145
80429675
71418552
80517564
80580777
80861772
80866859
80909306
80976664
71553820
81010846
81038977
81045035
81152415
81240669
81359007
81375058
81382558
81463405
81494206
81512505
81590227
81634116
81661080
81692032
81715779
81774886
81857022
81858355
73680581
81946481
81961524
82074580
82228754
82481810
82564589
82570050
82627458
82676076
82784750
82816051
82882567
82958934
83041263
83516114
83552097
83771466
83793475
74829489
84019609
84181476
74957642
84628679
84703083
84835854
84875706
75071643
84974065
84976462
85031754
75091990
85100489
85211469
85274963
85306207
85392346
85422371
85470479
85487776
75169337
85617582
85649719
85649719
85701361
85790292
85839843
85889900
85932714
85941632
85954611
85988700
86005763
86116020
86123462
86144899
86214349
86351307
86379624
86413029
86777747
86792347
75289097
87407005
75414557
75414557
87682073
75657746
87835765
88033782
88089652
88152780
88192711
88247833
88372659
88504664
88511002
88644421
89348290
89384399
89773803
78277704
78285525
90037767
90049374
90071971
90101858
90105142
90137753
90227093
90414028
90580343
90584369
90627117
91126714
91665462
91747780
91759015
91822200
91900050
91927352
91942054
65767391
92011535
92174877
92354195
92884233
78546396
93422112
93791325
93802560
93894548
94080109
94101366
94393257
94701950
94857363
94888449
94891892
94900138
95419326
78662769
78664000
95655841
95728421
95817725
96294465
96360082
96382931
96465418
96499724
96599320
96626008
68108776
78863476
96838173
78878924
96871266
96878424
96938248
97020447
78937884
97164613
97332366
97523992
97643819
97663927
97794719
97832456
97917151
79050971
79051228
97997553
98035150
98148779
98184463
98450487
98503871
98608100
98776387
98848416
98921961
99010207
79169739
99132931
99445872
99631473
99631473
99666953
99746766
99805113
99839313
99880932
99937999
100718859
100788737
100795600
100866353
100931180
101057612
101077008
101089902
101107529
79324010
101242539
101247143
101269042
101284883
101344870
101801312
79400117
101988756
68256929
79586540
79609627
68361432
79731017
79964730
80255467
81971739
82684497
83111320
83137393
83137464
83274467
83324476
44544000
45378125
45384736
45465424
46953140
102052876
89010610
89010610
89062749
89798626
89171358
89176388
89259307
94719781
94724109
102279139
83467420
102676241
103154661
103520270
103522511
44214107
8722121
11214782
40921836
41112373
43557403
9966870
43982671
12251680
10182117
11020459
31819116
31824912
35667865
40052463
41714532
53342
10396252
2089439
14535642
29156585
39424002
43993731
35173426
35414738
35430649
35532517
35555152
36233342
37886300
38495833
39206734
40645272
43424361
43479011
43500177
2897474
3685580
3774209
4078402
4110217
4205255
4325967
4390399
4420165
35626610
5927071
6293523
6326362
6381455
6466501
7003289
9401018
9972810
9991160
10593895
10760340
10856045
10864038
11030640
11049691
11384835
11403755
11440144
11460061
11511172
11607497
11657607
11660342
35779685
36601012
36998340
37007928
40190518
37069117
37171444
37206936
37275715
37408619
37511812
37725892
38153124
38166839
39076008
40125142
40533963
42873820
335203
392260
586321
591049
653497
4525722
4768544
4927467
5352662
5585308
5713401
6123224
6268886
6490339
7447590
7570616
7864460
8034938
8424017
725877
1325188
2169264
2643079
2665884
36439526
37041079
37137345
4721487
37851823
37872164
38183639
39167420
5243543
41510217
41705609
5420187
43701016
7010144
5502357
5523762
7946371
8205355
8949139
9222049
9222995
10058675
10138930
36187890
5951826
6711652
35688368
35933684
36252807
37459169
38991312
39143620
8125611
8224171
40003975
40088655
8259065
40351438
40574330
42832432
44010160
44139132
8403877
3123049
3162736
3256724
4614226
4761982
5338973
5941271
6978765
7088192
7098256
7118597
1025881
7590270
8051872
546669
1100983
1479132
1525434
1536051
1690613
1935632
2185157
2332734
2376471
2414448
2620644
2671367
5037381
8600454
8909016
40681498
41069784
41192787
41193233
41205034
41393437
41559212
41591589
41756634
41845187
41963843
41971120
42022475
42057377
42178127
42208304
42278194
42430062
2208378
8478401
8486720
2227248
8915078
8919274
8923894
9899877
8763910
10121904
9013735
9475595
10004230
10007268
37003830
38721126
2472402
2794610
3563506
8393398
9199521
9314948
9315038
2558029
9867825
9931924
9341921
35581326
36347483
42616222
43010583
2917897
5899647
7400452
7400452
8331394
8329946
15328297
15488392
15695787
15940823
16214477
16749897
17200221
17493755
17545677
18115234
18434553
19373397
19449941
19473575
19693610
19762347
19785474
20544193
20545947
20642233
20881620
20908145
22332332
22464726
25289678
25359825
25658360
13440195
25845061
19109472
26221475
19107017
26621037
27233727
20789150
28253237
12618152
12628806
12748392
12750456
13280213
14477311
14657458
15140626
15615067
18550735
21595915
19789015
19852078
19871344
19978341
19997785
13215133
20618796
20949816
22363104
21102374
21142793
21290843
21827108
21895532
21899201
22152132
23040275
23239905
23344020
23436537
23618401
24540942
24669744
23613115
25543953
26184160
26873310
19199916
13470568
22499617
22565904
22595021
23148880
23210298
23334312
24672624
13488167
13664730
13810590
15971261
16778423
16778423
17440182
17638181
18161239
18667901
18962425
19338271
19368781
19458614
20028455
20051792
20540632
20549586
21036088
21154423
27622858
22065299
22452045
22907588
22933385
25394253
12565687
26617735
12638802
27350510
27465780
12725172
12947390
13075608
14007403
14065833
14137632
13051720
14312631
14491122
14525496
22674475
22949955
23329158
23333123
23889486
23973985
24004988
24101323
24159096
21864784
21867403
25230072
28004750
28105945
16958863
17306624
18417482
21764253
25159905
14824049
14841046
27303681
27610724
27731585
15008352
11756900
11762816
11855081
15317444
11892795
11922284
11979749
12054102
12169593
12181277
13309610
15231088
15797420
15961582
16764526
16324464
17280839
16328654
17556266
18321595
19968038
20372668
21248549
25223557
16714702
25977482
25996415
26250392
16776473
13377377
27700640
16930231
28335636
4088265
4266471
10465532
17572092
28472264
